# Alpha Energy Loss | 96% He + 4% CO2 @ 250 Torr
# Density: 7.660749e-05 g/cm3
# E_total(MeV) 	dE/dx(MeV/cm) 	Range(cm)
2.006052e-01	1.383778e-01	2.186560e+00
2.062483e-01	1.399877e-01	2.227104e+00
2.120501e-01	1.416105e-01	2.268310e+00
2.180152e-01	1.432457e-01	2.310191e+00
2.241480e-01	1.448927e-01	2.352759e+00
2.304534e-01	1.465509e-01	2.396029e+00
2.369362e-01	1.482198e-01	2.440013e+00
2.436013e-01	1.498984e-01	2.484728e+00
2.504539e-01	1.515859e-01	2.530186e+00
2.574992e-01	1.532815e-01	2.576405e+00
2.647428e-01	1.549839e-01	2.623400e+00
2.721901e-01	1.566921e-01	2.671188e+00
2.798469e-01	1.584046e-01	2.719787e+00
2.877191e-01	1.601202e-01	2.769215e+00
2.958128e-01	1.618373e-01	2.819493e+00
3.041341e-01	1.635541e-01	2.870638e+00
3.126895e-01	1.652689e-01	2.922674e+00
3.214856e-01	1.669797e-01	2.975622e+00
3.305291e-01	1.686844e-01	3.029505e+00
3.398270e-01	1.703807e-01	3.084348e+00
3.493864e-01	1.720663e-01	3.140178e+00
3.592148e-01	1.737385e-01	3.197020e+00
3.693197e-01	1.753948e-01	3.254904e+00
3.797088e-01	1.770322e-01	3.313860e+00
3.903901e-01	1.786477e-01	3.373920e+00
4.013719e-01	1.802381e-01	3.435118e+00
4.126627e-01	1.818002e-01	3.497489e+00
4.242710e-01	1.833306e-01	3.561072e+00
4.362060e-01	1.848257e-01	3.625906e+00
4.484766e-01	1.862817e-01	3.692034e+00
4.610924e-01	1.876951e-01	3.759500e+00
4.740631e-01	1.890617e-01	3.828353e+00
4.873987e-01	1.903778e-01	3.898641e+00
5.011094e-01	1.916393e-01	3.970419e+00
5.152058e-01	1.928421e-01	4.043743e+00
5.296987e-01	1.939822e-01	4.118673e+00
5.445994e-01	1.950555e-01	4.195273e+00
5.599192e-01	1.960580e-01	4.273609e+00
5.756699e-01	1.969855e-01	4.353753e+00
5.918637e-01	1.978343e-01	4.435781e+00
6.085131e-01	1.986005e-01	4.519773e+00
6.256308e-01	1.992803e-01	4.605813e+00
6.432300e-01	1.998703e-01	4.693993e+00
6.613243e-01	2.003670e-01	4.784407e+00
6.799276e-01	2.007674e-01	4.877156e+00
6.990542e-01	2.010685e-01	4.972348e+00
7.187189e-01	2.012678e-01	5.070096e+00
7.389367e-01	2.013629e-01	5.170520e+00
7.597233e-01	2.013518e-01	5.273748e+00
7.810946e-01	2.012329e-01	5.379913e+00
8.030671e-01	2.010048e-01	5.489160e+00
8.256577e-01	2.006667e-01	5.601638e+00
8.488837e-01	2.002180e-01	5.717508e+00
8.727632e-01	1.996587e-01	5.836937e+00
8.973143e-01	1.989890e-01	5.960105e+00
9.225561e-01	1.982096e-01	6.087199e+00
9.485080e-01	1.973219e-01	6.218420e+00
9.751899e-01	1.963272e-01	6.353978e+00
1.002622e+00	1.952275e-01	6.494094e+00
1.030826e+00	1.940253e-01	6.639005e+00
1.059824e+00	1.927232e-01	6.788957e+00
1.089637e+00	1.913244e-01	6.944212e+00
1.120289e+00	1.898324e-01	7.105045e+00
1.151803e+00	1.882507e-01	7.271748e+00
1.184204e+00	1.865836e-01	7.444627e+00
1.217516e+00	1.848353e-01	7.624003e+00
1.251765e+00	1.830102e-01	7.810217e+00
1.286978e+00	1.811131e-01	8.003628e+00
1.323181e+00	1.791489e-01	8.204612e+00
1.360403e+00	1.771224e-01	8.413565e+00
1.398671e+00	1.750388e-01	8.630903e+00
1.438017e+00	1.729032e-01	8.857067e+00
1.478468e+00	1.707205e-01	9.092515e+00
1.520058e+00	1.684960e-01	9.337732e+00
1.562818e+00	1.662347e-01	9.593228e+00
1.606781e+00	1.639414e-01	9.859535e+00
1.651980e+00	1.616211e-01	1.013721e+01
1.698451e+00	1.592785e-01	1.042686e+01
1.746229e+00	1.569182e-01	1.072907e+01
1.795351e+00	1.545444e-01	1.104452e+01
1.845855e+00	1.521615e-01	1.137387e+01
1.897780e+00	1.497734e-01	1.171783e+01
1.951165e+00	1.473839e-01	1.207716e+01
2.006052e+00	1.449966e-01	1.245263e+01
2.062483e+00	1.426148e-01	1.284507e+01
2.120501e+00	1.402416e-01	1.325533e+01
2.180152e+00	1.378799e-01	1.368431e+01
2.241480e+00	1.355323e-01	1.413296e+01
2.304534e+00	1.332012e-01	1.460226e+01
2.369362e+00	1.308888e-01	1.509325e+01
2.436013e+00	1.285970e-01	1.560701e+01
2.504539e+00	1.263277e-01	1.614467e+01
2.574992e+00	1.240824e-01	1.670742e+01
2.647428e+00	1.218624e-01	1.729651e+01
2.721901e+00	1.196688e-01	1.791324e+01
2.798469e+00	1.175028e-01	1.855898e+01
2.877191e+00	1.153651e-01	1.923515e+01
2.958128e+00	1.132564e-01	1.994325e+01
3.041341e+00	1.111773e-01	2.068486e+01
3.126895e+00	1.091281e-01	2.146162e+01
3.214856e+00	1.071092e-01	2.227526e+01
3.305291e+00	1.051208e-01	2.312758e+01
3.398270e+00	1.031628e-01	2.402047e+01
3.493864e+00	1.012354e-01	2.495594e+01
3.592148e+00	9.933846e-02	2.593606e+01
3.693197e+00	9.747178e-02	2.696303e+01
3.797088e+00	9.563517e-02	2.803913e+01
3.903901e+00	9.382837e-02	2.916678e+01
4.013719e+00	9.205106e-02	3.034851e+01
4.126627e+00	9.030289e-02	3.158697e+01
4.242710e+00	8.858349e-02	3.288495e+01
4.362060e+00	8.689244e-02	3.424537e+01
4.484766e+00	8.522932e-02	3.567133e+01
4.610924e+00	8.359369e-02	3.716605e+01
4.740631e+00	8.198509e-02	3.873292e+01
4.873987e+00	8.040308e-02	4.037552e+01
5.011094e+00	7.884717e-02	4.209761e+01
5.152058e+00	7.731693e-02	4.390313e+01
5.296987e+00	7.581190e-02	4.579623e+01
5.445994e+00	7.433163e-02	4.778129e+01
5.599192e+00	7.287567e-02	4.986290e+01
5.756699e+00	7.144362e-02	5.204590e+01
5.918637e+00	7.003504e-02	5.433536e+01
6.085131e+00	6.864953e-02	5.673666e+01
6.256308e+00	6.728672e-02	5.925542e+01
6.432300e+00	6.594622e-02	6.189758e+01
6.613243e+00	6.462768e-02	6.466938e+01
6.799276e+00	6.333075e-02	6.757741e+01
6.990542e+00	6.205510e-02	7.062859e+01
7.187189e+00	6.080043e-02	7.383021e+01
7.389367e+00	5.956643e-02	7.718995e+01
7.597233e+00	5.835282e-02	8.071590e+01
7.810946e+00	5.715932e-02	8.441659e+01
8.030671e+00	5.598567e-02	8.830098e+01
8.256577e+00	5.483164e-02	9.237853e+01
8.488837e+00	5.369698e-02	9.665919e+01
8.727632e+00	5.258146e-02	1.011535e+02
8.973143e+00	5.148486e-02	1.058724e+02
9.225561e+00	5.040698e-02	1.108276e+02
9.485080e+00	4.934762e-02	1.160313e+02
9.751899e+00	4.830657e-02	1.214965e+02
1.002622e+01	4.728365e-02	1.272368e+02
1.030826e+01	4.627866e-02	1.332665e+02
1.059824e+01	4.529142e-02	1.396007e+02
1.089637e+01	4.432176e-02	1.462552e+02
1.120289e+01	4.336949e-02	1.532470e+02
1.151803e+01	4.243444e-02	1.605935e+02
1.184204e+01	4.151642e-02	1.683134e+02
1.217516e+01	4.061526e-02	1.764263e+02
1.251765e+01	3.973079e-02	1.849528e+02
1.286978e+01	3.886282e-02	1.939146e+02
1.323181e+01	3.801117e-02	2.033347e+02
1.360403e+01	3.717566e-02	2.132370e+02
1.398671e+01	3.635611e-02	2.236471e+02
1.438017e+01	3.555233e-02	2.345916e+02
1.478468e+01	3.476413e-02	2.460988e+02
1.520058e+01	3.399133e-02	2.581983e+02
1.562818e+01	3.323372e-02	2.709214e+02
1.606781e+01	3.249112e-02	2.843010e+02
1.651980e+01	3.176332e-02	2.983717e+02
1.698451e+01	3.105012e-02	3.131702e+02
1.746229e+01	3.035133e-02	3.287348e+02
1.795351e+01	2.966673e-02	3.451061e+02
1.845855e+01	2.899612e-02	3.623268e+02
1.897780e+01	2.833929e-02	3.804419e+02
1.951165e+01	2.769603e-02	3.994986e+02
2.006052e+01	2.706613e-02	4.195470e+02
2.062483e+01	2.644937e-02	4.406395e+02
2.120501e+01	2.584555e-02	4.628315e+02
2.180152e+01	2.525445e-02	4.861813e+02
2.241480e+01	2.467585e-02	5.107504e+02
2.304534e+01	2.410954e-02	5.366035e+02
2.369362e+01	2.355531e-02	5.638086e+02
2.436013e+01	2.301294e-02	5.924378e+02
2.504539e+01	2.248222e-02	6.225666e+02
2.574992e+01	2.196293e-02	6.542747e+02
2.647428e+01	2.145488e-02	6.876462e+02
2.721901e+01	2.095784e-02	7.227695e+02
2.798469e+01	2.047161e-02	7.597379e+02
2.877191e+01	1.999599e-02	7.986497e+02
2.958128e+01	1.953076e-02	8.396084e+02
3.041341e+01	1.907573e-02	8.827230e+02
3.126895e+01	1.863070e-02	9.281086e+02
3.214856e+01	1.819548e-02	9.758863e+02
3.305291e+01	1.776986e-02	1.026184e+03
3.398270e+01	1.735365e-02	1.079136e+03
3.493864e+01	1.694666e-02	1.134884e+03
3.592148e+01	1.654872e-02	1.193577e+03
3.693197e+01	1.615963e-02	1.255374e+03
3.797088e+01	1.577921e-02	1.320440e+03
3.903901e+01	1.540728e-02	1.388950e+03
4.013719e+01	1.504319e-02	1.461088e+03
4.126627e+01	1.468318e-02	1.537064e+03
4.242710e+01	1.433174e-02	1.617093e+03
4.362060e+01	1.398869e-02	1.701391e+03
4.484766e+01	1.365387e-02	1.790185e+03
4.610924e+01	1.332712e-02	1.883716e+03
4.740631e+01	1.300827e-02	1.982235e+03
4.873987e+01	1.269716e-02	2.086008e+03
5.011094e+01	1.239366e-02	2.195314e+03
5.152058e+01	1.209759e-02	2.310445e+03
5.296987e+01	1.180881e-02	2.431711e+03
5.445994e+01	1.152718e-02	2.559436e+03
5.599192e+01	1.125255e-02	2.693961e+03
5.756699e+01	1.098479e-02	2.835643e+03
5.918637e+01	1.072375e-02	2.984859e+03
6.085131e+01	1.046930e-02	3.142004e+03
6.256308e+01	1.022132e-02	3.307494e+03
6.432300e+01	9.979656e-03	3.481762e+03
6.613243e+01	9.744203e-03	3.665267e+03
6.799276e+01	9.514839e-03	3.858487e+03
6.990542e+01	9.291427e-03	4.061925e+03
7.187189e+01	9.073864e-03	4.276108e+03
7.389367e+01	8.862036e-03	4.501589e+03
7.597233e+01	8.655815e-03	4.738944e+03
7.810946e+01	8.455107e-03	4.988779e+03
8.030671e+01	8.259805e-03	5.251728e+03
8.256577e+01	8.069788e-03	5.528454e+03
8.488837e+01	7.884972e-03	5.819647e+03
8.727632e+01	7.705254e-03	6.126031e+03
8.973143e+01	7.530523e-03	6.448363e+03
9.225561e+01	7.360702e-03	6.787430e+03
9.485080e+01	7.195693e-03	7.144053e+03
9.751899e+01	7.035395e-03	7.519090e+03
1.002622e+02	6.879736e-03	7.913431e+03
1.030826e+02	6.728624e-03	8.328004e+03
1.059824e+02	6.581968e-03	8.763774e+03
1.089637e+02	6.439700e-03	9.221742e+03
1.120289e+02	6.301734e-03	9.702954e+03
1.151803e+02	6.167990e-03	1.020847e+04
1.184204e+02	6.038403e-03	1.073942e+04
1.217516e+02	5.907706e-03	1.129715e+04
1.251765e+02	5.775150e-03	1.188348e+04
1.286978e+02	5.645666e-03	1.250022e+04
1.323181e+02	5.519178e-03	1.314883e+04
1.360403e+02	5.395621e-03	1.383096e+04
1.398671e+02	5.274938e-03	1.454834e+04
1.438017e+02	5.157056e-03	1.530276e+04
1.478468e+02	5.041919e-03	1.609613e+04
1.520058e+02	4.929469e-03	1.693043e+04
1.562818e+02	4.819639e-03	1.780776e+04
1.606781e+02	4.712376e-03	1.873030e+04
1.651980e+02	4.607627e-03	1.970038e+04
1.698451e+02	4.505327e-03	2.072041e+04
1.746229e+02	4.405427e-03	2.179293e+04
1.795351e+02	4.307877e-03	2.292060e+04
1.845855e+02	4.212616e-03	2.410623e+04
1.897780e+02	4.119599e-03	2.535276e+04
1.951165e+02	4.028778e-03	2.666327e+04
2.006052e+02	3.940096e-03	2.804100e+04
