0.026981539	1087.74
0.053963078	2175.49
0.134907695	5438.8
0.215852312	8557.19
0.26981539	10540.7
0.404723085	15079.2
0.53963078	19011.9
0.674538475	22467.9
0.80944617	25531.3
0.944353865	28303.5
1.07926156	30859.2
1.214169255	33253.7
1.34907695	35529.1
1.483984645	37685.6
1.61889234	39719.2
1.88870773	43505.2
2.15852312	46980.1
2.42833851	50199.6
2.6981539	53228.6
3.23778468	58941.2
3.77741546	64372.8
4.31704624	69606.4
4.85667702	74683.1
5.3963078	79618
6.74538475	91580.1
8.0944617	103093
9.44353865	114105
10.7926156	124746
12.14169255	135119
13.4907695	145269
16.1889234	165367
18.8870773	185754
21.5852312	206324
24.2833851	226926
26.981539	247688
33.72692375	300998
40.4723085	357029
47.21769325	416359
53.963078	478956
60.70846275	544719
67.4538475	613499
80.944617	759812
94.4353865	917732
107.926156	1.09E+06
121.4169255	1.27E+06
134.907695	1.46E+06
148.3984645	1.67E+06
161.889234	1.88E+06
175.3800035	2.11E+06
188.870773	2.35E+06
202.3615425	2.60E+06
215.852312	2.86E+06
229.3430815	3.13E+06
242.833851	3.41E+06
256.3246205	3.71E+06
269.81539	4.01E+06
296.796929	4.64E+06
323.778468	5.30E+06
350.760007	6.00E+06
377.741546	6.74E+06
404.723085	7.53E+06
431.704624	8.35E+06
458.686163	9.21E+06
485.667702	1.01E+07
512.649241	1.10E+07
539.63078	1.20E+07
566.612319	1.30E+07
593.593858	1.41E+07
620.575397	1.52E+07
647.556936	1.63E+07
674.538475	1.75E+07
728.501553	1.99E+07
782.464631	2.25E+07
836.427709	2.52E+07
890.390787	2.81E+07
944.353865	3.11E+07
1025.298482	3.59E+07
1106.243099	4.10E+07
1187.187716	4.64E+07
1268.132333	5.21E+07
1349.07695	5.81E+07
1483.984645	6.88E+07
1618.89234	8.02E+07
1753.800035	9.24E+07
1888.70773	1.05E+08
2023.615425	1.19E+08
2158.52312	1.34E+08
2293.430815	1.49E+08
2428.33851	1.65E+08
2563.246205	1.81E+08
2698.1539	1.98E+08
2833.061595	2.16E+08
2967.96929	2.35E+08
3102.876985	2.54E+08
3237.78468	2.73E+08
3372.692375	2.94E+08
3507.60007	3.15E+08
3642.507765	3.36E+08
3777.41546	3.58E+08
3912.323155	3.81E+08
4047.23085	4.04E+08
4182.138545	4.27E+08
4317.04624	4.52E+08
4451.953935	4.76E+08
4586.86163	5.02E+08
4721.769325	5.27E+08
4856.67702	5.54E+08
4991.584715	5.80E+08
5126.49241	6.08E+08
5261.400105	6.35E+08
5396.3078	6.64E+08
5666.12319	7.21E+08
5935.93858	7.81E+08
6205.75397	8.42E+08
6475.56936	9.04E+08
6745.38475	9.69E+08
7015.20014	1.03E+09
7285.01553	1.10E+09
7554.83092	1.17E+09
7824.64631	1.24E+09
8094.4617	1.31E+09
8364.27709	1.39E+09
8634.09248	1.46E+09
8903.90787	1.54E+09
9173.72326	1.61E+09
9443.53865	1.69E+09
9713.35404	1.77E+09
9983.16943	1.85E+09
10252.98482	1.93E+09
10522.80021	2.02E+09
10792.6156	2.10E+09
11062.43099	2.18E+09
11332.24638	2.27E+09
11602.06177	2.36E+09
11871.87716	2.44E+09
12141.69255	2.53E+09
12411.50794	2.62E+09
12681.32333	2.71E+09
12951.13872	2.80E+09
13220.95411	2.89E+09
13490.7695	2.99E+09
14030.40028	3.18E+09
14570.03106	3.37E+09
15109.66184	3.56E+09
15649.29262	3.76E+09
16188.9234	3.96E+09
16728.55418	4.16E+09
17268.18496	4.36E+09
17807.81574	4.57E+09
18347.44652	4.78E+09
18887.0773	4.99E+09
19426.70808	5.20E+09
19966.33886	5.41E+09
20505.96964	5.63E+09
21045.60042	5.85E+09
21585.2312	6.07E+09
22124.86198	6.29E+09
22664.49276	6.51E+09
23204.12354	6.74E+09
23743.75432	6.96E+09
24283.3851	7.19E+09
24823.01588	7.42E+09
25362.64666	7.65E+09
25902.27744	7.88E+09
26441.90822	8.11E+09
26981.539	8.34E+09
27521.16978	8.57E+09
28060.80056	8.81E+09
28600.43134	9.04E+09
29140.06212	9.28E+09
29679.6929	9.52E+09
30219.32368	9.75E+09
30758.95446	9.99E+09
31298.58524	1.02E+10
31838.21602	1.05E+10
32377.8468	1.07E+10
32917.47758	1.10E+10
33457.10836	1.12E+10
33996.73914	1.14E+10
34536.36992	1.17E+10
35076.0007	1.19E+10
35615.63148	1.22E+10
36155.26226	1.24E+10
36694.89304	1.27E+10
37234.52382	1.29E+10
37774.1546	1.31E+10
38313.78538	1.34E+10
38853.41616	1.36E+10
39393.04694	1.39E+10
39932.67772	1.41E+10
40472.3085	1.44E+10
41011.93928	1.46E+10
41551.57006	1.49E+10
42091.20084	1.51E+10
42630.83162	1.54E+10
43170.4624	1.56E+10
43710.09318	1.59E+10
44249.72396	1.61E+10
44789.35474	1.64E+10
45328.98552	1.66E+10
45868.6163	1.69E+10
47217.69325	1.75E+10
48566.7702	1.81E+10
49915.84715	1.87E+10
51264.9241	1.94E+10
52614.00105	2.00E+10
53963.078	2.06E+10
56661.2319	2.19E+10
59359.3858	2.31E+10
62057.5397	2.43E+10
64755.6936	2.56E+10
67453.8475	2.68E+10
70152.0014	2.80E+10
72850.1553	2.93E+10
75548.3092	3.05E+10
78246.4631	3.17E+10
80944.617	3.29E+10
86340.9248	3.53E+10
91737.2326	3.76E+10
97133.5404	4.00E+10
102529.8482	4.23E+10
107926.156	4.46E+10
113322.4638	4.68E+10
118718.7716	4.90E+10
124115.0794	5.12E+10
129511.3872	5.34E+10
134907.695	5.55E+10
141653.0798	5.82E+10
148398.4645	6.07E+10
161889.234	6.58E+10
175380.0035	7.07E+10
188870.773	7.54E+10
202361.5425	8.00E+10
215852.312	8.45E+10
229343.0815	8.88E+10
242833.851	9.30E+10
256324.6205	9.71E+10
269815.39	1.01E+11
296796.929	1.09E+11
323778.468	1.16E+11
350760.007	1.23E+11
377741.546	1.30E+11
404723.085	1.36E+11
431704.624	1.42E+11
458686.163	1.48E+11
485667.702	1.53E+11
512649.241	1.59E+11
539630.78	1.64E+11
566612.319	1.69E+11
593593.858	1.74E+11
620575.397	1.79E+11
647556.936	1.83E+11
674538.475	1.88E+11
701520.014	1.92E+11
728501.553	1.96E+11
755483.092	2.00E+11
782464.631	2.04E+11
809446.17	2.08E+11
863409.248	2.16E+11
917372.326	2.23E+11
971335.404	2.29E+11
1025298.482	2.36E+11
1079261.56	2.42E+11
1133224.638	2.48E+11
1187187.716	2.54E+11
1241150.794	2.59E+11
1295113.872	2.65E+11
1349076.95	2.70E+11