0.017002095	0.00676442
0.03400419	0.0135288
0.085010476	0.032227
0.136016762	0.0489265
0.170020952	0.0592235
0.255031428	0.0823584
0.340041904	0.102374
0.42505238	0.120086
0.510062856	0.135943
0.595073332	0.150461
0.680083808	0.164011
0.765094284	0.176885
0.85010476	0.189282
0.935115236	0.201176
1.020125712	0.212518
1.190146664	0.233962
1.360167616	0.254045
1.530188568	0.27299
1.70020952	0.291072
2.040251424	0.325807
2.380293328	0.359536
2.720335232	0.392589
3.060377136	0.425159
3.40041904	0.457286
4.2505238	0.536817
5.10062856	0.615601
5.95073332	0.693052
6.80083808	0.769499
7.65094284	0.845324
8.5010476	0.920793
10.20125712	1.07377
11.90146664	1.23229
13.60167616	1.39414
15.30188568	1.55782
17.0020952	1.72459
21.252619	2.15811
25.5031428	2.61883
29.7536666	3.10864
34.0041904	3.62853
38.2547142	4.17854
42.505238	4.75843
51.0062856	6.00863
59.5073332	7.38089
68.0083808	8.87668
76.5094284	10.4957
85.010476	12.2377
93.5115236	14.1011
102.0125712	16.0845
110.5136188	18.1875
119.0146664	20.4097
127.515714	22.7505
136.0167616	25.2096
144.5178092	27.7867
153.0188568	30.4814
161.5199044	33.2935
170.020952	36.2195
187.0230472	42.214
204.0251424	48.6246
221.0272376	55.449
238.0293328	62.6845
255.031428	70.3284
272.0335232	78.3781
289.0356184	86.8308
306.0377136	95.684
323.0398088	104.935
340.041904	114.581
357.0439992	124.619
374.0460944	135.048
391.0481896	145.863
408.0502848	157.064
425.05238	168.647
459.0565704	192.95
493.0607608	218.753
527.0649512	246.038
561.0691416	274.787
595.073332	304.983
646.0796176	352.95
697.0859032	404.079
748.0921888	458.315
799.0984744	515.608
850.10476	575.909
935.115236	682.969
1020.125712	798.048
1105.136188	920.949
1190.146664	1051.49
1275.15714	1189.49
1360.167616	1334.78
1445.178092	1487.21
1530.188568	1646.62
1615.199044	1812.86
1700.20952	1985.8
1785.219996	2165.29
1870.230472	2351.2
1955.240948	2543.42
2040.251424	2741.82
2125.2619	2946.27
2210.272376	3156.67
2295.282852	3372.91
2380.293328	3594.88
2465.303804	3822.47
2550.31428	4055.59
2635.324756	4294.14
2720.335232	4538.01
2805.345708	4787.13
2890.356184	5041.4
2975.36666	5300.73
3060.377136	5565.04
3145.387612	5834.24
3230.398088	6108.26
3315.408564	6387.01
3400.41904	6670.42
3570.439992	7250.92
3740.460944	7849.17
3910.481896	8464.62
4080.502848	9096.74
4250.5238	9745.02
4420.544752	10409
4590.565704	11088.2
4760.586656	11782.1
4930.607608	12490.4
5100.62856	13212.7
5270.649512	13948.5
5440.670464	14697.4
5610.691416	15459.2
5780.712368	16233.4
5950.73332	17019.7
6120.754272	17817.8
6290.775224	18627.3
6460.796176	19448
6630.817128	20279.6
6800.83808	21121.8
6970.859032	21974.2
7140.879984	22836.7
7310.900936	23709
7480.921888	24590.9
7650.94284	25482
7820.963792	26382.2
7990.984744	27291.2
8161.005696	28208.8
8331.026648	29134.9
8501.0476	30069.1
8841.089504	31961.3
9181.131408	33884
9521.173312	35835.8
9861.215216	37815.1
10201.25712	39820.8
10541.29902	41851.6
10881.34093	43906.4
11221.38283	45984.1
11561.42474	48083.6
11901.46664	50203.9
12241.50854	52344.2
12581.55045	54503.4
12921.59235	56680.8
13261.63426	58875.5
13601.67616	61086.7
13941.71806	63313.8
14281.75997	65556.1
14621.80187	67812.7
14961.84378	70083.2
15301.88568	72366.9
15641.92758	74663.1
15981.96949	76971.4
16322.01139	79291.2
16662.0533	81622
17002.0952	83963.3
17342.1371	86314.6
17682.17901	88675.4
18022.22091	91045.4
18362.26282	93424
18702.30472	95811
19042.34662	98205.9
19382.38853	100608
19722.43043	103018
20062.47234	105434
20402.51424	107857
20742.55614	110286
21082.59805	112721
21422.63995	115162
21762.68186	117608
22102.72376	120059
22442.76566	122514
22782.80757	124975
23122.84947	127439
23462.89138	129908
23802.93328	132380
24142.97518	134856
24483.01709	137335
24823.05899	139817
25163.1009	142303
25503.1428	144791
25843.1847	147281
26183.22661	149774
26523.26851	152270
26863.31042	154767
27203.35232	157266
27543.39422	159767
27883.43613	162270
28223.47803	164774
28563.51994	167279
28903.56184	169786
29753.6666	176056
30603.77136	182331
31453.87612	188609
32303.98088	194888
33154.08564	201166
34004.1904	207442
35704.39992	219984
37404.60944	232503
39104.81896	244992
40805.02848	257444
42505.238	269853
44205.44752	282214
45905.65704	294523
47605.86656	306775
49306.07608	318968
51006.2856	331099
54406.70464	355166
57807.12368	378963
61207.54272	402479
64607.96176	425709
68008.3808	448649
71408.79984	471298
74809.21888	493655
78209.63792	515723
81610.05696	537503
85010.476	558999
89260.9998	585475
93511.5236	611522
102012.5712	662361
110513.6188	711594
119014.6664	759299
127515.714	805555
136016.7616	850436
144517.8092	894016
153018.8568	936363
161519.9044	977541
170020.952	1.02E+06
187023.0472	1.09E+06
204025.1424	1.17E+06
221027.2376	1.24E+06
238029.3328	1.30E+06
255031.428	1.37E+06
272033.5232	1.43E+06
289035.6184	1.49E+06
306037.7136	1.54E+06
323039.8088	1.60E+06
340041.904	1.65E+06
357043.9992	1.70E+06
374046.0944	1.75E+06
391048.1896	1.80E+06
408050.2848	1.84E+06
425052.38	1.89E+06
442054.4752	1.93E+06
459056.5704	1.98E+06
476058.6656	2.02E+06
493060.7608	2.06E+06
510062.856	2.10E+06
544067.0464	2.17E+06
578071.2368	2.24E+06
612075.4272	2.31E+06
646079.6176	2.38E+06
680083.808	2.44E+06
714087.9984	2.50E+06
748092.1888	2.56E+06
782096.3792	2.61E+06
816100.5696	2.67E+06
850104.76	2.72E+06
