0.053103695	11959.9
0.116582129	19201.1
0.180060563	24466.2
0.243538998	28696
0.307017432	32395.8
0.370495866	35815.8
0.4339739	39049.4
0.497451133	42211.1
0.560932369	45315.6
0.624409603	48392.9
0.687886836	51473.4
0.751368072	54567.7
0.814845305	57693.8
0.878322539	60883.5
0.941803775	64073.2
1.005281008	67274.6
1.068758242	70625.6
1.132235475	73976.6
1.195716711	77327.7
1.259193944	80859
1.322671178	84405.9
1.386152414	87952.9
1.449629647	91666.6
1.513106881	95430.9
1.576588117	99195.1
1.64006535	103102
1.703542583	107097
1.767019817	111093
1.830501053	115200
1.893978286	119436
1.95745552	123672
2.020936756	128023
2.084413989	132632
2.147891222	137241
2.211372458	141849
2.274849692	146458
2.338326925	151067
2.401804159	155677
2.465285395	160793
2.528762628	165908
2.592239861	171023
2.655721097	176139
2.719198331	181254
2.782675564	186369
2.8461568	191841
2.909634034	197468
2.973111267	203094
3.0365885	208721
3.100069736	214347
3.16354697	219973
3.227024203	225800
3.290505439	231938
3.353982673	238075
3.417459906	244212
3.480941142	250349
3.544418375	256486
3.607895609	262668
3.671372842	269313
3.734854078	275958
3.798331312	282603
3.861808545	289248
3.925289781	295893
3.988767014	302538
4.05223224	309870
4.115713476	317394
4.179194712	324917
4.242675948	332441
4.306157184	339965
4.36963842	347488
4.433119656	355012
4.496600892	362535
4.560082128	370059
4.623563364	377583
4.6870446	385106
4.750525836	392630
4.813967046	400154
4.877448282	407677
4.940929518	415201
5.004410754	422747
5.06789199	431506
5.131373226	440265
5.194854462	449023
5.258335698	457782
5.321816934	466541
5.38529817	475299
5.448779406	484058
5.512260642	492817
5.575741878	501575
5.639223114	510334
5.70270435	519093
5.76614556	527851
5.829626796	536610
5.893108032	545369
5.956589268	554127
6.020070504	563195
6.08355174	573167
6.147032976	583139
6.210514212	593110
6.273995448	603082
6.337476684	613054
6.40095792	623026
6.464439156	632997
6.527920392	642969
6.591401628	652941
6.654842838	662913
6.718324074	672885
6.78180531	682856
6.845286546	692828
6.908767782	702800
6.972249018	712772
7.035730254	723331
7.09921149	734498
7.162692726	745666
7.226173962	756833
7.289655198	768000
7.353136434	779168
7.41661767	790335
7.480098906	801502
7.543540116	812670
7.607021352	823837
7.670502588	835004
7.733983824	846172
7.79746506	857339
7.860946296	868507
7.924427532	879674
7.987908768	890841
8.051390004	902868
8.11487124	915217
8.178352476	927566
8.241833712	939915
8.305314948	952263
8.368796184	964612
8.43227742	976961
8.49571863	989310
8.559199866	1.00E+06
8.622681102	1.01E+06
8.686162338	1.03E+06
8.749643574	1.04E+06
8.81312481	1.05E+06
8.876606046	1.06E+06
8.940087282	1.08E+06
9.003568518	1.09E+06
9.067049754	1.10E+06
9.13053099	1.12E+06
9.194012226	1.13E+06
9.257493462	1.14E+06
9.320974698	1.16E+06
9.384415908	1.17E+06
9.447897144	1.18E+06
9.51137838	1.20E+06
9.574859616	1.21E+06
9.638340852	1.22E+06
9.701822088	1.24E+06
9.765303324	1.25E+06
9.82878456	1.26E+06
9.892265796	1.28E+06
9.955747032	1.29E+06
10.01922827	1.30E+06
10.0827095	1.32E+06
10.14619074	1.34E+06
10.20967198	1.35E+06
10.27311319	1.37E+06
10.33659442	1.38E+06
10.40007566	1.40E+06
10.46355689	1.41E+06
10.52703813	1.43E+06
10.59051937	1.44E+06
10.6540006	1.46E+06
10.71748184	1.47E+06
10.78096307	1.49E+06
10.84444431	1.50E+06
10.90792555	1.52E+06
10.97140678	1.53E+06
11.03488802	1.55E+06
11.09836925	1.56E+06
11.16185049	1.58E+06
11.2252917	1.59E+06
11.28877294	1.61E+06
11.35225417	1.62E+06
11.41573541	1.64E+06
11.47921664	1.66E+06
11.54269788	1.67E+06
11.60617912	1.69E+06
11.66966035	1.70E+06
11.73314159	1.72E+06
11.79662282	1.73E+06
11.86010406	1.75E+06
11.9235853	1.76E+06
11.98706653	1.78E+06
12.05054777	1.79E+06
12.11398898	1.81E+06
12.17747021	1.83E+06
12.24095145	1.85E+06
12.30443269	1.86E+06
12.36791392	1.88E+06
12.43139516	1.90E+06
12.49487639	1.92E+06
12.55835763	1.93E+06
12.62183887	1.95E+06
12.6853201	1.97E+06
12.74880134	1.99E+06
12.81228257	2.00E+06
12.87576381	2.02E+06
12.93924505	2.04E+06
13.00268626	2.06E+06
13.06616749	2.07E+06
13.12964873	2.09E+06
13.19312996	2.11E+06
13.2566112	2.13E+06
13.32009244	2.14E+06
13.38357367	2.16E+06
13.44705491	2.18E+06
13.51053614	2.20E+06
13.57401738	2.22E+06
13.63749862	2.23E+06
13.70097985	2.25E+06
13.76446109	2.27E+06
13.82794232	2.29E+06
13.89142356	2.30E+06
13.95486477	2.32E+06
14.01834601	2.34E+06
14.08182724	2.36E+06
14.14530848	2.38E+06
14.20878971	2.40E+06
14.27227095	2.42E+06
14.33575219	2.44E+06
14.39923342	2.46E+06
14.46271466	2.48E+06
14.52619589	2.50E+06
14.58967713	2.52E+06
14.65315837	2.54E+06
14.7166396	2.56E+06
14.78012084	2.58E+06
14.84356205	2.60E+06
14.90704328	2.62E+06
14.97052452	2.63E+06
15.03400576	2.65E+06
15.09748699	2.67E+06
15.16096823	2.69E+06
15.22444946	2.71E+06
15.2879307	2.73E+06
15.35141194	2.75E+06
15.41489317	2.77E+06
15.47837441	2.79E+06
15.54185564	2.81E+06
15.60533688	2.83E+06
15.66881812	2.85E+06
15.73225933	2.87E+06
15.79574056	2.89E+06
15.8592218	2.91E+06
15.92270303	2.93E+06
15.98618427	2.95E+06
16.04966551	2.97E+06
16.11314674	2.99E+06
16.17662798	3.02E+06
16.24010921	3.04E+06
16.30359045	3.06E+06
16.36707169	3.08E+06
16.43055292	3.10E+06
16.49403416	3.13E+06
16.55751539	3.15E+06
16.6209566	3.17E+06
16.68443784	3.19E+06
16.74791908	3.21E+06
16.81140031	3.24E+06
16.87488155	3.26E+06
16.93836278	3.28E+06
17.00184402	3.30E+06
17.06532526	3.32E+06
17.12880649	3.35E+06
17.19228773	3.37E+06
17.25576896	3.39E+06
17.3192502	3.41E+06
17.38273144	3.43E+06
17.44621267	3.46E+06
17.50969391	3.48E+06
17.57313512	3.50E+06
17.63661635	3.52E+06
17.70009759	3.54E+06
17.76357883	3.57E+06
17.82706006	3.59E+06
17.8905413	3.61E+06
17.95402253	3.63E+06
18.01750377	3.65E+06
18.08098501	3.68E+06
18.14446624	3.70E+06
18.20794748	3.73E+06
18.27142871	3.75E+06
18.33490995	3.78E+06
18.39839119	3.80E+06
18.4618324	3.82E+06
18.52531363	3.85E+06
18.58879487	3.87E+06
18.6522761	3.90E+06
18.71575734	3.92E+06
18.77923858	3.95E+06
18.84271981	3.97E+06
18.90620105	3.99E+06
18.96968228	4.02E+06
19.03316352	4.04E+06
19.09664476	4.07E+06
19.16012599	4.09E+06
19.22360723	4.11E+06
19.28708846	4.14E+06
19.35052967	4.16E+06
19.41401091	4.19E+06
19.47749215	4.21E+06
19.54097338	4.24E+06
19.60445462	4.26E+06
19.66793585	4.28E+06
19.73141709	4.31E+06
19.79489833	4.33E+06
19.85837956	4.36E+06
19.9218608	4.38E+06
19.98534203	4.41E+06
20.04882327	4.43E+06
20.11230451	4.46E+06
20.17578574	4.48E+06
20.23926698	4.51E+06
20.30270819	4.54E+06
20.36618942	4.56E+06
20.42967066	4.59E+06
20.4931519	4.62E+06
20.55663313	4.64E+06
20.62011437	4.67E+06
20.6835956	4.69E+06
20.74707684	4.72E+06
20.81055808	4.75E+06
20.87403931	4.77E+06
20.93752055	4.80E+06
21.00100178	4.83E+06
21.06448302	4.85E+06
21.12796426	4.88E+06
21.19140547	4.91E+06
21.2548867	4.93E+06
21.31836794	4.96E+06
21.38184917	4.98E+06
21.44533041	5.01E+06
21.50881165	5.04E+06
21.57229288	5.06E+06
21.63577412	5.09E+06
21.69925535	5.12E+06
21.76273659	5.14E+06
21.82621783	5.17E+06
21.88969906	5.20E+06
