0.00100784	0.00455783
0.00201568	0.00911567
0.0050392	0.0197891
0.00806272	0.0284591
0.0100784	0.0336328
0.0151176	0.0449321
0.0201568	0.0545806
0.025196	0.0631952
0.0302352	0.071111
0.0352744	0.0785363
0.0403136	0.0856119
0.0453528	0.0924397
0.050392	0.0990962
0.0554312	0.105641
0.0604704	0.112122
0.0705488	0.125041
0.0806272	0.138091
0.0907056	0.151435
0.100784	0.16519
0.1209408	0.194217
0.1410976	0.225513
0.1612544	0.25917
0.1814112	0.295144
0.201568	0.333333
0.25196	0.4377
0.302352	0.55345
0.352744	0.679377
0.403136	0.814707
0.453528	0.958947
0.50392	1.11177
0.604704	1.44231
0.705488	1.80513
0.806272	2.19946
0.907056	2.62475
1.00784	3.08057
1.2598	4.35139
1.51176	5.80613
1.76372	7.44108
2.01568	9.25315
2.26764	11.2397
2.5196	13.3984
3.02352	18.2246
3.52744	23.7179
4.03136	29.8671
4.53528	36.6625
5.0392	44.0961
5.54312	52.1607
6.04704	60.8501
6.55096	70.1587
7.05488	80.0814
7.5588	90.6136
8.06272	101.751
8.56664	113.49
9.07056	125.827
9.57448	138.759
10.0784	152.267
11.08624	180.081
12.09408	209.992
13.10192	241.974
14.10976	276.006
15.1176	312.066
16.12544	350.134
17.13328	390.189
18.14112	432.214
19.14896	476.19
20.1568	522.101
21.16464	569.93
22.17248	619.661
23.18032	671.279
24.18816	724.77
25.196	780.118
27.21168	896.334
29.22736	1019.82
31.24304	1150.48
33.25872	1288.2
35.2744	1432.91
38.29792	1662.88
41.32144	1908.07
44.34496	2168.23
47.36848	2443.1
50.392	2732.43
55.4312	3246.18
60.4704	3798.47
65.5096	4388.33
70.5488	5014.87
75.588	5677.25
80.6272	6374.65
85.6664	7106.3
90.7056	7871.46
95.7448	8669.43
100.784	9499.52
105.8232	10361.1
110.8624	11253.5
115.9016	12176.2
120.9408	13128.5
125.98	14109.9
131.0192	15119.8
136.0584	16157.8
141.0976	17223.3
146.1368	18315.7
151.176	19434.7
156.2152	20579.8
161.2544	21750.4
166.2936	22946.2
171.3328	24166.7
176.372	25411.6
181.4112	26680.3
186.4504	27972.5
191.4896	29287.8
196.5288	30625.8
201.568	31986.2
211.6464	34772.7
221.7248	37644.4
231.8032	40598.6
241.8816	43632.8
251.96	46744.7
262.0384	49931.8
272.1168	53192
282.1952	56523.1
292.2736	59923.1
302.352	63390
312.4304	66921.8
322.5088	70516.9
332.5872	74173.4
342.6656	77889.7
352.744	81664
362.8224	85494.9
372.9008	89380.9
382.9792	93320.4
393.0576	97312.1
403.136	101355
413.2144	105447
423.2928	109587
433.3712	113774
443.4496	118007
453.528	122284
463.6064	126605
473.6848	130969
483.7632	135373
493.8416	139818
503.92	144303
524.0768	153386
544.2336	162615
564.3904	171984
584.5472	181485
604.704	191113
624.8608	200861
645.0176	210724
665.1744	220697
685.3312	230775
705.488	240953
725.6448	251226
745.8016	261591
765.9584	272043
786.1152	282578
806.272	293192
826.4288	303883
846.5856	314646
866.7424	325478
886.8992	336377
907.056	347338
927.2128	358361
947.3696	369441
967.5264	380577
987.6832	391765
1007.84	403003
1027.9968	414290
1048.1536	425622
1068.3104	436998
1088.4672	448416
1108.624	459874
1128.7808	471370
1148.9376	482902
1169.0944	494468
1189.2512	506067
1209.408	517698
1229.5648	529358
1249.7216	541047
1269.8784	552762
1290.0352	564502
1310.192	576267
1330.3488	588055
1350.5056	599864
1370.6624	611694
1390.8192	623543
1410.976	635410
1431.1328	647295
1451.2896	659195
1471.4464	671111
1491.6032	683041
1511.76	694984
1531.9168	706940
1552.0736	718907
1572.2304	730885
1592.3872	742872
1612.544	754869
1632.7008	766874
1652.8576	778887
1673.0144	790907
1693.1712	802933
1713.328	814964
1763.72	845063
1814.112	875184
1864.504	905318
1914.896	935457
1965.288	965594
2015.68	995721
2116.464	1.06E+06
2217.248	1.12E+06
2318.032	1.18E+06
2418.816	1.24E+06
2519.6	1.30E+06
2620.384	1.35E+06
2721.168	1.41E+06
2821.952	1.47E+06
2922.736	1.53E+06
3023.52	1.59E+06
3225.088	1.70E+06
3426.656	1.82E+06
3628.224	1.93E+06
3829.792	2.04E+06
4031.36	2.15E+06
4232.928	2.26E+06
4434.496	2.37E+06
4636.064	2.48E+06
4837.632	2.58E+06
5039.2	2.68E+06
5291.16	2.81E+06
5543.12	2.94E+06
6047.04	3.18E+06
6550.96	3.42E+06
7054.88	3.64E+06
7558.8	3.87E+06
8062.72	4.08E+06
8566.64	4.29E+06
9070.56	4.49E+06
9574.48	4.69E+06
10078.4	4.88E+06
11086.24	5.25E+06
12094.08	5.61E+06
13101.92	5.94E+06
14109.76	6.26E+06
15117.6	6.57E+06
16125.44	6.86E+06
17133.28	7.14E+06
18141.12	7.41E+06
19148.96	7.67E+06
20156.8	7.93E+06
21164.64	8.17E+06
22172.48	8.41E+06
23180.32	8.63E+06
24188.16	8.86E+06
25196	9.07E+06
26203.84	9.28E+06
27211.68	9.48E+06
28219.52	9.68E+06
29227.36	9.87E+06
30235.2	1.01E+07
32250.88	1.04E+07
34266.56	1.08E+07
36282.24	1.11E+07
38297.92	1.14E+07
40313.6	1.17E+07
42329.28	1.20E+07
44344.96	1.23E+07
46360.64	1.25E+07
48376.32	1.28E+07
50392	1.30E+07
